YEAR      MONTH     DAY       HOUR      MIN       SEC       GDLATR        GDLONR        INTTMS     GDALT      DGDALT     VIPN2         DVIPN2        VIPE1         DVIPE1        
  2005         9         6        12         2        30    -1.19500e+01  -7.68700e+01      300.0     155.00      15.00        missing       missing       missing       missing 
  2005         9         6        12         7        30    -1.19500e+01  -7.68700e+01      300.0     155.00      15.00        missing       missing       missing       missing 
  2005         9         6        12        12        30    -1.19500e+01  -7.68700e+01      300.0     155.00      15.00        missing       missing       missing       missing 
  2005         9         6        12        17        30    -1.19500e+01  -7.68700e+01      300.0     155.00      15.00        missing       missing       missing       missing 
  2005         9         6        12        22        30    -1.19500e+01  -7.68700e+01      300.0     155.00      15.00        missing       missing       missing       missing 
  2005         9         6        12        27        30    -1.19500e+01  -7.68700e+01      300.0     155.00      15.00        missing       missing       missing       missing 
  2005         9         6        12        32        30    -1.19500e+01  -7.68700e+01      300.0     155.00      15.00        missing       missing       missing       missing 
  2005         9         6        12        37        30    -1.19500e+01  -7.68700e+01      300.0     155.00      15.00        missing       missing       missing       missing 
  2005         9         6        12        42        30    -1.19500e+01  -7.68700e+01      300.0     155.00      15.00        missing       missing       missing       missing 
  2005         9         6        12        47        30    -1.19500e+01  -7.68700e+01      300.0     155.00      15.00        missing       missing       missing       missing 
  2005         9         6        12        52        30    -1.19500e+01  -7.68700e+01      300.0     155.00      15.00        missing       missing       missing       missing 
  2005         9         6        12        57        30    -1.19500e+01  -7.68700e+01      300.0     155.00      15.00        missing       missing       missing       missing 
  2005         9         6        13         2        30    -1.19500e+01  -7.68700e+01      300.0     155.00      15.00        missing       missing       missing       missing 
  2005         9         6        13         7        30    -1.19500e+01  -7.68700e+01      300.0     155.00      15.00        missing       missing       missing       missing 
  2005         9         6        13        12        30    -1.19500e+01  -7.68700e+01      300.0     155.00      15.00        missing       missing       missing       missing 
  2005         9         6        13        17        30    -1.19500e+01  -7.68700e+01      300.0     155.00      15.00        missing       missing       missing       missing 
  2005         9         6        13        22        30    -1.19500e+01  -7.68700e+01      300.0     155.00      15.00        missing       missing       missing       missing 
  2005         9         6        13        27        30    -1.19500e+01  -7.68700e+01      300.0     155.00      15.00        missing       missing       missing       missing 
  2005         9         6        13        32        30    -1.19500e+01  -7.68700e+01      300.0     155.00      15.00        missing       missing       missing       missing 
  2005         9         6        13        37        30    -1.19500e+01  -7.68700e+01      300.0     155.00      15.00        missing       missing       missing       missing 
  2005         9         6        13        42        30    -1.19500e+01  -7.68700e+01      300.0     155.00      15.00        missing       missing       missing       missing 
  2005         9         6        13        47        30    -1.19500e+01  -7.68700e+01      300.0     155.00      15.00        missing       missing       missing       missing 
  2005         9         6        13        52        30    -1.19500e+01  -7.68700e+01      300.0     155.00      15.00        missing       missing       missing       missing 
  2005         9         6        13        57        30    -1.19500e+01  -7.68700e+01      300.0     155.00      15.00        missing       missing       missing       missing 
  2005         9         6        14         2        30    -1.19500e+01  -7.68700e+01      300.0     155.00      15.00        missing       missing       missing       missing 
  2005         9         6        14         7        30    -1.19500e+01  -7.68700e+01      300.0     155.00      15.00        missing       missing       missing       missing 
  2005         9         6        14        12        30    -1.19500e+01  -7.68700e+01      300.0     155.00      15.00        missing       missing       missing       missing 
  2005         9         6        14        17        30    -1.19500e+01  -7.68700e+01      300.0     155.00      15.00   2.21400e+01   7.40000e-01        missing       missing 
  2005         9         6        14        22        30    -1.19500e+01  -7.68700e+01      300.0     155.00      15.00   2.16700e+01   7.40000e-01        missing       missing 
  2005         9         6        14        27        30    -1.19500e+01  -7.68700e+01      300.0     155.00      15.00   2.03300e+01   8.70000e-01        missing       missing 
  2005         9         6        14        32        30    -1.19500e+01  -7.68700e+01      300.0     155.00      15.00   2.04400e+01   7.50000e-01  -2.80000e+01   2.70000e+00  
  2005         9         6        14        37        30    -1.19500e+01  -7.68700e+01      300.0     155.00      15.00   1.95000e+01   1.18000e+00  -2.90000e+01   6.80000e+00  
  2005         9         6        14        42        30    -1.19500e+01  -7.68700e+01      300.0     155.00      15.00   1.83000e+01   6.20000e-01  -3.36000e+01   7.10000e+00  
  2005         9         6        14        47        30    -1.19500e+01  -7.68700e+01      300.0     155.00      15.00   1.99200e+01   5.20000e-01  -3.67000e+01   5.50000e+00  
  2005         9         6        14        52        30    -1.19500e+01  -7.68700e+01      300.0     155.00      15.00   2.12100e+01   9.20000e-01  -1.77000e+01   6.20000e+00  
  2005         9         6        14        57        30    -1.19500e+01  -7.68700e+01      300.0     155.00      15.00   2.23900e+01   7.00000e-01  -3.21000e+01   5.60000e+00  
  2005         9         6        15         2        30    -1.19500e+01  -7.68700e+01      300.0     155.00      15.00   2.51300e+01   8.90000e-01  -3.11000e+01   5.70000e+00  
  2005         9         6        15         7        30    -1.19500e+01  -7.68700e+01      300.0     155.00      15.00   2.85300e+01   9.40000e-01  -3.37000e+01   4.60000e+00  
  2005         9         6        15        12        30    -1.19500e+01  -7.68700e+01      300.0     155.00      15.00   3.02900e+01   7.50000e-01  -3.85000e+01   6.10000e+00  
  2005         9         6        15        17        30    -1.19500e+01  -7.68700e+01      300.0     155.00      15.00   2.87200e+01   6.80000e-01  -4.37000e+01   4.50000e+00  
  2005         9         6        15        22        30    -1.19500e+01  -7.68700e+01      300.0     155.00      15.00   2.73400e+01   6.40000e-01  -2.83000e+01   6.10000e+00  
  2005         9         6        15        27        30    -1.19500e+01  -7.68700e+01      300.0     155.00      15.00   2.73900e+01   7.20000e-01  -2.40000e+01   4.10000e+00  
  2005         9         6        15        32        30    -1.19500e+01  -7.68700e+01      300.0     155.00      15.00   2.59800e+01   6.30000e-01  -4.10000e+01   6.40000e+00  
  2005         9         6        15        37        30    -1.19500e+01  -7.68700e+01      300.0     155.00      15.00   2.62200e+01   6.10000e-01  -2.47000e+01   3.90000e+00  
  2005         9         6        15        42        30    -1.19500e+01  -7.68700e+01      300.0     155.00      15.00   2.61400e+01   6.80000e-01  -2.71000e+01   6.80000e+00  
  2005         9         6        15        47        30    -1.19500e+01  -7.68700e+01      300.0     155.00      15.00   2.54300e+01   6.50000e-01  -2.15000e+01   3.20000e+00  
  2005         9         6        15        52        30    -1.19500e+01  -7.68700e+01      300.0     155.00      15.00   2.41000e+01   1.19000e+00  -2.58000e+01   3.70000e+00  
  2005         9         6        15        57        30    -1.19500e+01  -7.68700e+01      300.0     155.00      15.00   2.24900e+01   6.60000e-01  -4.15000e+01   8.80000e+00  
  2005         9         6        16         2        30    -1.19500e+01  -7.68700e+01      300.0     155.00      15.00   2.31000e+01   7.70000e-01  -4.58000e+01   6.70000e+00  
  2005         9         6        16         7        30    -1.19500e+01  -7.68700e+01      300.0     155.00      15.00   2.38500e+01   6.70000e-01  -2.27000e+01   1.04000e+01  
  2005         9         6        16        12        30    -1.19500e+01  -7.68700e+01      300.0     155.00      15.00   2.22800e+01   8.10000e-01  -2.48000e+01   7.00000e+00  
  2005         9         6        16        17        30    -1.19500e+01  -7.68700e+01      300.0     155.00      15.00   2.18100e+01   5.70000e-01  -2.47000e+01   7.90000e+00  
  2005         9         6        16        22        30    -1.19500e+01  -7.68700e+01      300.0     155.00      15.00   2.13600e+01   6.30000e-01  -2.90000e+01   1.02000e+01  
  2005         9         6        16        27        30    -1.19500e+01  -7.68700e+01      300.0     155.00      15.00   2.01000e+01   1.08000e+00  -2.12000e+01   4.20000e+00  
  2005         9         6        16        32        30    -1.19500e+01  -7.68700e+01      300.0     155.00      15.00   2.04000e+01   8.40000e-01  -3.16000e+01   1.09000e+01  
  2005         9         6        16        37        30    -1.19500e+01  -7.68700e+01      300.0     155.00      15.00   2.01700e+01   7.20000e-01  -2.52000e+01   4.00000e+00  
  2005         9         6        16        42        30    -1.19500e+01  -7.68700e+01      300.0     155.00      15.00   2.08900e+01   5.40000e-01  -2.80000e+00   7.30000e+00  
  2005         9         6        16        47        30    -1.19500e+01  -7.68700e+01      300.0     155.00      15.00   2.07100e+01   9.20000e-01  -1.35000e+01   6.50000e+00  
  2005         9         6        16        52        30    -1.19500e+01  -7.68700e+01      300.0     155.00      15.00   2.08800e+01   8.70000e-01  -1.27000e+01   5.60000e+00  
  2005         9         6        16        57        30    -1.19500e+01  -7.68700e+01      300.0     155.00      15.00   2.14300e+01   7.30000e-01  -1.01000e+01   5.90000e+00  
  2005         9         6        17         2        30    -1.19500e+01  -7.68700e+01      300.0     155.00      15.00   2.17400e+01   6.20000e-01  -2.12000e+01   6.50000e+00  
  2005         9         6        17         7        30    -1.19500e+01  -7.68700e+01      300.0     155.00      15.00   2.14700e+01   8.40000e-01  -9.70000e+00   4.90000e+00  
  2005         9         6        17        12        30    -1.19500e+01  -7.68700e+01      300.0     155.00      15.00   2.17100e+01   7.50000e-01  -7.50000e+00   5.00000e+00  
  2005         9         6        17        17        30    -1.19500e+01  -7.68700e+01      300.0     155.00      15.00   2.03300e+01   6.20000e-01   7.80000e+00   7.30000e+00  
  2005         9         6        17        22        30    -1.19500e+01  -7.68700e+01      300.0     155.00      15.00   1.78900e+01   6.50000e-01  -2.80000e+00   7.40000e+00  
  2005         9         6        17        27        30    -1.19500e+01  -7.68700e+01      300.0     155.00      15.00   1.79600e+01   6.90000e-01   6.00000e-01   4.00000e+00  
  2005         9         6        17        32        30    -1.19500e+01  -7.68700e+01      300.0     155.00      15.00   1.76000e+01   6.80000e-01  -1.32000e+01   8.50000e+00  
  2005         9         6        17        37        30    -1.19500e+01  -7.68700e+01      300.0     155.00      15.00   1.79300e+01   6.00000e-01   9.80000e+00   5.10000e+00  
  2005         9         6        17        42        30    -1.19500e+01  -7.68700e+01      300.0     155.00      15.00   1.70100e+01   5.90000e-01  -5.30000e+00   6.70000e+00  
  2005         9         6        17        47        30    -1.19500e+01  -7.68700e+01      300.0     155.00      15.00   1.51900e+01   7.70000e-01  -9.20000e+00   4.10000e+00  
  2005         9         6        17        52        30    -1.19500e+01  -7.68700e+01      300.0     155.00      15.00   1.34800e+01   8.50000e-01   2.10000e+00   8.70000e+00  
  2005         9         6        17        57        30    -1.19500e+01  -7.68700e+01      300.0     155.00      15.00   1.33000e+01   4.60000e-01   1.20000e+00   7.70000e+00  
  2005         9         6        18         2        30    -1.19500e+01  -7.68700e+01      300.0     155.00      15.00   1.37400e+01   4.90000e-01  -5.20000e+00   6.30000e+00  
  2005         9         6        18         7        30    -1.19500e+01  -7.68700e+01      300.0     155.00      15.00   1.27200e+01   4.90000e-01   6.50000e+00   3.80000e+00  
  2005         9         6        18        12        30    -1.19500e+01  -7.68700e+01      300.0     155.00      15.00   1.21900e+01   5.30000e-01   4.20000e+00   6.30000e+00  
  2005         9         6        18        17        30    -1.19500e+01  -7.68700e+01      300.0     155.00      15.00   1.27500e+01   6.90000e-01  -1.00000e-01   3.70000e+00  
  2005         9         6        18        22        30    -1.19500e+01  -7.68700e+01      300.0     155.00      15.00   1.27000e+01   4.70000e-01   6.00000e-01   5.50000e+00  
  2005         9         6        18        27        30    -1.19500e+01  -7.68700e+01      300.0     155.00      15.00   1.27100e+01   5.60000e-01   6.70000e+00   4.30000e+00  
  2005         9         6        18        32        30    -1.19500e+01  -7.68700e+01      300.0     155.00      15.00   1.23200e+01   5.40000e-01   6.80000e+00   4.50000e+00  
  2005         9         6        18        37        30    -1.19500e+01  -7.68700e+01      300.0     155.00      15.00   1.24100e+01   5.30000e-01   2.80000e+00   5.70000e+00  
  2005         9         6        18        42        30    -1.19500e+01  -7.68700e+01      300.0     155.00      15.00   1.23200e+01   5.10000e-01   6.00000e+00   7.40000e+00  
  2005         9         6        18        47        30    -1.19500e+01  -7.68700e+01      300.0     155.00      15.00   1.19900e+01   6.30000e-01   8.70000e+00   6.50000e+00  
  2005         9         6        18        52        30    -1.19500e+01  -7.68700e+01      300.0     155.00      15.00   1.05600e+01   5.50000e-01  -2.00000e-01   5.50000e+00  
  2005         9         6        18        57        30    -1.19500e+01  -7.68700e+01      300.0     155.00      15.00   1.11400e+01   9.30000e-01   2.80000e+01   7.60000e+00  
  2005         9         6        19         2        30    -1.19500e+01  -7.68700e+01      300.0     155.00      15.00   1.12200e+01   6.40000e-01   1.71000e+01   5.20000e+00  
  2005         9         6        19         7        30    -1.19500e+01  -7.68700e+01      300.0     155.00      15.00   1.07300e+01   5.60000e-01  -1.18000e+01   6.10000e+00  
  2005         9         6        19        12        30    -1.19500e+01  -7.68700e+01      300.0     155.00      15.00   1.10700e+01   8.30000e-01   1.60000e+01   3.10000e+00  
  2005         9         6        19        17        30    -1.19500e+01  -7.68700e+01      300.0     155.00      15.00   1.16000e+01   7.70000e-01   1.70000e+00   6.20000e+00  
  2005         9         6        19        22        30    -1.19500e+01  -7.68700e+01      300.0     155.00      15.00   1.19400e+01   1.07000e+00  -6.00000e+00   4.80000e+00  
  2005         9         6        19        27        30    -1.19500e+01  -7.68700e+01      300.0     155.00      15.00   1.07700e+01   5.90000e-01   1.64000e+01   4.50000e+00  
  2005         9         6        19        32        30    -1.19500e+01  -7.68700e+01      300.0     155.00      15.00   1.05500e+01   7.20000e-01  -8.80000e+00   1.90000e+00  
  2005         9         6        19        37        30    -1.19500e+01  -7.68700e+01      300.0     155.00      15.00   9.10000e+00   7.20000e-01   1.59000e+01   4.60000e+00  
  2005         9         6        19        42        30    -1.19500e+01  -7.68700e+01      300.0     155.00      15.00   8.16000e+00   6.40000e-01   1.06000e+01   3.20000e+00  
  2005         9         6        19        47        30    -1.19500e+01  -7.68700e+01      300.0     155.00      15.00   6.83000e+00   7.40000e-01   3.10000e+00   7.40000e+00  
  2005         9         6        19        52        30    -1.19500e+01  -7.68700e+01      300.0     155.00      15.00   7.03000e+00   7.30000e-01   8.30000e+00   9.70000e+00  
  2005         9         6        19        57        30    -1.19500e+01  -7.68700e+01      300.0     155.00      15.00   8.26000e+00   1.16000e+00   1.49000e+01   4.00000e+00  
  2005         9         6        20         2        30    -1.19500e+01  -7.68700e+01      300.0     155.00      15.00   8.15000e+00   6.30000e-01   1.00000e+01   6.90000e+00  
  2005         9         6        20         7        30    -1.19500e+01  -7.68700e+01      300.0     155.00      15.00   8.36000e+00   6.10000e-01   5.40000e+00   2.50000e+00  
  2005         9         6        20        12        30    -1.19500e+01  -7.68700e+01      300.0     155.00      15.00   8.30000e+00   7.90000e-01   6.10000e+00   2.10000e+00  
  2005         9         6        20        17        30    -1.19500e+01  -7.68700e+01      300.0     155.00      15.00   8.42000e+00   9.30000e-01   8.00000e-01   7.70000e+00  
  2005         9         6        20        22        30    -1.19500e+01  -7.68700e+01      300.0     155.00      15.00   8.02000e+00   9.20000e-01   1.10000e+00   7.70000e+00  
  2005         9         6        20        27        30    -1.19500e+01  -7.68700e+01      300.0     155.00      15.00   8.44000e+00   8.40000e-01        missing       missing 
  2005         9         6        20        32        30    -1.19500e+01  -7.68700e+01      300.0     155.00      15.00        missing       missing       missing       missing 
  2005         9         6        20        37        30    -1.19500e+01  -7.68700e+01      300.0     155.00      15.00   9.14000e+00   1.36000e+00        missing       missing 
  2005         9         6        20        42        30    -1.19500e+01  -7.68700e+01      300.0     155.00      15.00        missing       missing       missing       missing 
  2005         9         6        20        47        30    -1.19500e+01  -7.68700e+01      300.0     155.00      15.00        missing       missing       missing       missing 
  2005         9         6        20        52        30    -1.19500e+01  -7.68700e+01      300.0     155.00      15.00        missing       missing       missing       missing 
  2005         9         6        20        57        30    -1.19500e+01  -7.68700e+01      300.0     155.00      15.00        missing       missing       missing       missing 
  2005         9         6        21         2        30    -1.19500e+01  -7.68700e+01      300.0     155.00      15.00        missing       missing       missing       missing 
  2005         9         6        21         7        30    -1.19500e+01  -7.68700e+01      300.0     155.00      15.00        missing       missing       missing       missing 
  2005         9         6        21        12        30    -1.19500e+01  -7.68700e+01      300.0     155.00      15.00        missing       missing       missing       missing 
  2005         9         6        21        17        30    -1.19500e+01  -7.68700e+01      300.0     155.00      15.00        missing       missing       missing       missing 
  2005         9         6        21        22        30    -1.19500e+01  -7.68700e+01      300.0     155.00      15.00        missing       missing       missing       missing 
  2005         9         6        21        27        30    -1.19500e+01  -7.68700e+01      300.0     155.00      15.00        missing       missing       missing       missing 
  2005         9         6        21        32        30    -1.19500e+01  -7.68700e+01      300.0     155.00      15.00        missing       missing       missing       missing 
  2005         9         6        21        37        30    -1.19500e+01  -7.68700e+01      300.0     155.00      15.00        missing       missing       missing       missing 
  2005         9         6        21        42        30    -1.19500e+01  -7.68700e+01      300.0     155.00      15.00        missing       missing       missing       missing 
  2005         9         6        21        47        30    -1.19500e+01  -7.68700e+01      300.0     155.00      15.00        missing       missing       missing       missing 
  2005         9         6        21        52        30    -1.19500e+01  -7.68700e+01      300.0     155.00      15.00        missing       missing       missing       missing 
  2005         9         6        21        57        30    -1.19500e+01  -7.68700e+01      300.0     155.00      15.00        missing       missing       missing       missing 
  2005         9         6        22         2        30    -1.19500e+01  -7.68700e+01      300.0     155.00      15.00        missing       missing       missing       missing 
  2005         9         6        22         7        30    -1.19500e+01  -7.68700e+01      300.0     155.00      15.00        missing       missing       missing       missing 
  2005         9         6        22        12        30    -1.19500e+01  -7.68700e+01      300.0     155.00      15.00        missing       missing       missing       missing 
  2005         9         6        22        17        30    -1.19500e+01  -7.68700e+01      300.0     155.00      15.00        missing       missing       missing       missing 
  2005         9         6        22        22        30    -1.19500e+01  -7.68700e+01      300.0     155.00      15.00        missing       missing       missing       missing 
  2005         9         6        22        27        30    -1.19500e+01  -7.68700e+01      300.0     155.00      15.00        missing       missing       missing       missing 
  2005         9         6        22        32        30    -1.19500e+01  -7.68700e+01      300.0     155.00      15.00        missing       missing       missing       missing 
  2005         9         6        22        37        30    -1.19500e+01  -7.68700e+01      300.0     155.00      15.00        missing       missing       missing       missing 
  2005         9         6        22        42        30    -1.19500e+01  -7.68700e+01      300.0     155.00      15.00        missing       missing       missing       missing 
  2005         9         6        22        47        30    -1.19500e+01  -7.68700e+01      300.0     155.00      15.00        missing       missing       missing       missing 
  2005         9         6        22        52        30    -1.19500e+01  -7.68700e+01      300.0     155.00      15.00        missing       missing       missing       missing 
  2005         9         6        22        57        30    -1.19500e+01  -7.68700e+01      300.0     155.00      15.00        missing       missing       missing       missing 
